[BarcodeReader]
SearchRangeRow1=4.49362606232295
SearchRangeCol1=0.304347826086957
SearchRangeRow2=622.795325779037
SearchRangeCol2=479.695652173913
Gain=542
ExposureTime=35000
LighterValue=255
Production=0
Mirrored=False
AllowableOffsetAngle=180
[BarcodeChoose]
QCCDchecked=False
